1	0	-14.5
1	1	-10.5
1	2	-13
1	3	-19.5
1	4	-22
1	5	-18
1	6	-25
1	7	-25
1	8	-21
1	9	-21
1	10	-17.5
1	11	-13
1	12	-17
1	13	-14.5
1	14	-21.5
1	15	-19
1	16	-21.5
1	17	-21.5
1	18	-22
1	19	-13.5
1	20	-17.5
1	21	-15.5
1	22	-14.5
1	23	-13
1	24	-13.5
1	25	-10.5
1	26	-17
1	27	-21.5
1	28	-19
1	29	-17.5
1	30	-25
1	31	-17.5
1	32	-21.5
1	33	-21.5
1	34	-18.5
1	35	-21.5
1	36	-17.5
1	37	-25
1	38	-25
1	39	-18
1	40	-21.5
1	41	-18
1	42	-21.5
1	43	-18
1	44	-17
1	45	-22
1	46	-25
1	47	-21
1	48	-15.5
1	49	-15.5
1	50	-15.5
1	51	-11
1	52	-7.5
1	53	-5.5
1	54	-8
1	55	-12
1	56	-18
1	57	-20
1	58	-18.5
1	59	-22
1	60	-25
1	61	-21
1	62	-21
1	63	-18.5
1	64	-14
1	65	-13.5
1	66	-7
1	67	-14
1	68	-11
1	69	-12.5
1	70	-16
1	71	-18
1	72	-14.5
1	73	-16.5
1	74	-14.5
1	75	-22
1	76	-22
1	77	-15.5
1	78	-11.5
1	79	-12.5
1	80	-12.5
1	81	-10.5
1	82	-16
1	83	-21.5
1	84	-21
1	85	-21
1	86	-15
1	87	-16.5
1	88	-14
1	89	-13.5
1	90	-8.5
1	91	-14
1	92	-15.5
1	93	-21.5
1	94	-18.5
1	95	-12.5
1	96	-18.5
1	97	-18
1	98	-14
1	99	-22
1	100	-25
1	101	-10.5
1	102	-15.5
1	103	-21
1	104	-16.5
1	105	-11
1	106	-11
1	107	-14.5
1	108	-11.5
1	109	-15.5
1	110	-14
1	111	-15
1	112	-18
1	113	-21.5
1	114	-21.5
1	115	-25
1	116	-25
1	117	-21
1	118	-21
1	119	-21.5
1	120	-18.5
1	121	-17.5
1	122	-7.5
1	123	-17.5
1	124	-14.5
1	125	-13.5
1	126	-15.5
1	127	-8.5
1	128	-7.5
1	129	-18
1	130	-14
1	131	-14
1	132	-20
1	133	-25
1	134	-25
1	135	-19
1	136	-17.5
1	137	-12.5
1	138	-19.5
1	139	-13.5
1	140	-15.5
1	141	-17.5
1	142	-13
1	143	-11.5
1	144	-15
1	145	-17.5
1	146	-18.5
1	147	-19
1	148	-9.5
1	149	-21.5
1	150	-25
1	151	-21
1	152	-12
1	153	-13.5
1	154	-21.5
1	155	-21
1	156	-25
1	157	-25
1	158	-21
1	159	-22
1	160	-25
1	161	-21.5
1	162	-20
1	163	-8.5
1	164	-11.5
1	165	-13
1	166	-16.5
1	167	-8.5
1	168	-15
1	169	-21.5
1	170	-25
1	171	-21
1	172	-17.5
1	173	-12
1	174	-12.5
1	175	-10.5
1	176	-14
1	177	-17
1	178	-11
1	179	-14
1	180	-17.5
1	181	-25
1	182	-16
1	183	-21.5
1	184	-17.5
1	185	-21.5
1	186	-18
1	187	-21
1	188	-16.5
1	189	-21.5
1	190	-14.5
1	191	-21.5
1	192	-18
1	193	-13.5
1	194	-13.5
1	195	-19
1	196	-17
1	197	-15.5
1	198	-14
1	199	-17
1	200	-19
1	201	-17
1	202	-11.5
1	203	-15.5
1	204	-10.5
1	205	-13.5
1	206	-10
1	207	-12.5
1	208	-10.5
1	209	-17.5
1	210	-21.5
1	211	-25
1	212	-15
1	213	-15
1	214	-15
1	215	-18.5
1	216	-21.5
1	217	-21
1	218	-21
1	219	-21
1	220	-14.5
1	221	-13
1	222	-17.5
1	223	-17
1	224	-21
1	225	-11.5
1	226	-11.5
1	227	-21
1	228	-14.5
1	229	-19.5
1	230	-14.5
1	231	-11.5
1	232	-16.5
1	233	-13.5
1	234	-17
1	235	-25
1	236	-13.5
1	237	-9.5
1	238	-11
1	239	-13.5
1	240	-12.5
1	241	-14
1	242	-10.5
1	243	-14.5
1	244	-17.5
1	245	-14
1	246	-25
1	247	-25
1	248	-12
1	249	-15.5
1	250	-19
1	251	-21
1	252	-25
1	253	-21.5
1	254	-25
1	255	-17.5
1	256	-18
1	257	-18
1	258	-22
1	259	-21
1	260	-21
1	261	-17.5
1	262	-18
1	263	-18
1	264	-11.5
1	265	-14
1	266	-18
1	267	-25
1	268	-25
1	269	-20
1	270	-22
1	271	-21
1	272	-21
1	273	-17.5
1	274	-15
1	275	-7
1	276	-17
1	277	-14.5
1	278	-14.5
1	279	-18.5
1	280	-17.5
1	281	-25
1	282	-25
1	283	-17.5
1	284	-21
1	285	-25
1	286	-21
1	287	-10.5
1	288	-14
1	289	-13
1	290	-11
1	291	-18
1	292	-11.5
1	293	-16.5
1	294	-15
1	295	-18
1	296	-15.5
1	297	-15.5
1	298	-12.5
1	299	-18
1	300	-9.5
1	301	-21.5
1	302	-14
1	303	-8.5
1	304	-16.5
1	305	-20.5
1	306	-13.5
1	307	-13.5
1	308	-21
1	309	-21
1	310	-21.5
1	311	-25
1	312	-21.5
1	313	-14.5
1	314	-10.5
1	315	-12
1	316	-12
1	317	-15
1	318	-17.5
1	319	-21.5
1	320	-20
1	321	-21.5
1	322	-11.5
1	323	-15.5
1	324	-14.5
1	325	-18
1	326	-16
1	327	-14
1	328	-17.5
1	329	-25
1	330	-16.5
1	331	-16.5
1	332	-16.5
1	333	-12
1	334	-10.5
1	335	-14.5
1	336	-14
1	337	-14
1	338	-11
1	339	-11.5
1	340	-12
1	341	-12.5
1	342	-21
1	343	-21.5
1	344	-18
1	345	-14
1	346	-6.5
1	347	-3
1	348	-4
1	349	-6
1	350	-8.5
1	351	-15.5
1	352	-13.5
1	353	-18
1	354	-12
1	355	-13
1	356	-16.5
1	357	-18
1	358	-21.5
1	359	-21.5
1	360	-9.5
1	361	-19
1	362	-17
1	363	-21.5
1	364	-17.5
1	365	-21.5
1	366	-21.5
1	367	-8.5
1	368	-9
1	369	-16.5
1	370	-22
1	371	-25
1	372	-25
1	373	-25
1	374	-17.5
1	375	-12.5
1	376	-15.5
1	377	-21
1	378	-18.5
1	379	-14
1	380	-16.5
1	381	-18
1	382	-21
1	383	-21.5
1	384	-20
1	385	-18.5
1	386	-11
1	387	-12
1	388	-17
1	389	-18
1	390	-15.5
1	391	-10
1	392	-10.5
1	393	-7.5
1	394	-21.5
1	395	-17.5
1	396	-18
1	397	-7
1	398	-12.5
1	399	-10.5
1	400	-11
1	401	-7.5
1	402	-12
1	403	-14
1	404	-8.5
1	405	0.5
1	406	-8
1	407	-14.5
1	408	-17.5
1	409	-10.5
1	410	-12.5
1	411	-8
1	412	-4
1	413	-10.5
1	414	-14
1	415	-11.5
1	416	-13.5
1	417	-14
1	418	-15.5
1	419	-15
1	420	-14.5
1	421	-9.5
1	422	-8
1	423	-9.5
1	424	-16.5
1	425	-18
1	426	-21.5
1	427	-10.5
1	428	-13.5
1	429	-21.5
1	430	-14
1	431	-21
1	432	-18
1	433	-11
1	434	-13.5
1	435	-17
1	436	-8
1	437	-10
1	438	-11
1	439	-17.5
1	440	-15
1	441	-7.5
1	442	-15
1	443	-19.5
1	444	-15
1	445	-10.5
1	446	-25
1	447	-18
1	448	-15.5
1	449	-11
1	450	-10
1	451	-19
1	452	-9.5
1	453	-17.5
1	454	-16
1	455	-16.5
1	456	-25
1	457	-14
1	458	-17.5
1	459	-15.5
1	460	-18.5
1	461	-15
1	462	-21
1	463	-19
1	464	-21.5
1	465	-18
1	466	-18.5
1	467	-21
1	468	-21.5
1	469	-18.5
1	470	-14
1	471	-17.5
1	472	-14.5
1	473	-10
1	474	-17.5
1	475	-21.5
1	476	-17.5
1	477	-18
1	478	-21.5
1	479	-17.5
1	480	-25
1	481	-13.5
1	482	-25
1	483	-25
1	484	-25
1	485	-25
1	486	-14
1	487	-15.5
1	488	-16
1	489	-10.5
1	490	-16.5
1	491	-14
1	492	-9
1	493	-14
1	494	-20
1	495	-21.5
1	496	-17.5
1	497	-15
1	498	-13.5
1	499	-9.5


0.666667	0	-9.5
0.666667	1	-21.5
0.666667	2	-25
0.666667	3	-21
0.666667	4	-13.5
0.666667	5	-19.5
0.666667	6	-12.5
0.666667	7	-13.5
0.666667	8	-15.5
0.666667	9	-17
0.666667	10	-14
0.666667	11	-17
0.666667	12	-16
0.666667	13	-17.5
0.666667	14	-21
0.666667	15	-22
0.666667	16	-21
0.666667	17	-19
0.666667	18	-16.5
0.666667	19	-12.5
0.666667	20	-14.5
0.666667	21	-16.5
0.666667	22	-19.5
0.666667	23	-20.5
0.666667	24	-13.5
0.666667	25	-21
0.666667	26	-18
0.666667	27	-17.5
0.666667	28	-25
0.666667	29	-17.5
0.666667	30	-9
0.666667	31	-7.5
0.666667	32	-7.5
0.666667	33	-8.5
0.666667	34	-9.5
0.666667	35	-11.5
0.666667	36	-13
0.666667	37	-18
0.666667	38	-16.5
0.666667	39	-13.5
0.666667	40	-12.5
0.666667	41	-17.5
0.666667	42	-17.5
0.666667	43	-18
0.666667	44	-17.5
0.666667	45	-18.5
0.666667	46	-16
0.666667	47	-25
0.666667	48	-18
0.666667	49	-16
0.666667	50	-19
0.666667	51	-19.5
0.666667	52	-17.5
0.666667	53	-18.5
0.666667	54	-20
0.666667	55	-25
0.666667	56	-21
0.666667	57	-18
0.666667	58	-17.5
0.666667	59	-17.5
0.666667	60	-12
0.666667	61	-18
0.666667	62	-25
0.666667	63	-21.5
0.666667	64	-17.5
0.666667	65	-21.5
0.666667	66	-18.5
0.666667	67	-10.5
0.666667	68	-21.5
0.666667	69	-25
0.666667	70	-13.5
0.666667	71	-15.5
0.666667	72	-25
0.666667	73	-15
0.666667	74	-11
0.666667	75	-17
0.666667	76	-21.5
0.666667	77	-25
0.666667	78	-21
0.666667	79	-19
0.666667	80	-17.5
0.666667	81	-21
0.666667	82	-21.5
0.666667	83	-25
0.666667	84	-25
0.666667	85	-18
0.666667	86	-21.5
0.666667	87	-17.5
0.666667	88	-21
0.666667	89	-21.5
0.666667	90	-21
0.666667	91	-14
0.666667	92	-10.5
0.666667	93	-13.5
0.666667	94	-21.5
0.666667	95	-19
0.666667	96	-21
0.666667	97	-17.5
0.666667	98	-21
0.666667	99	-25
0.666667	100	-14
0.666667	101	-19.5
0.666667	102	-22
0.666667	103	-21.5
0.666667	104	-17.5
0.666667	105	-17.5
0.666667	106	-9
0.666667	107	-16.5
0.666667	108	-12.5
0.666667	109	-18.5
0.666667	110	-12
0.666667	111	-21
0.666667	112	-14.5
0.666667	113	-21.5
0.666667	114	-21
0.666667	115	-15
0.666667	116	-21
0.666667	117	-13
0.666667	118	-14
0.666667	119	-21.5
0.666667	120	-18
0.666667	121	-14
0.666667	122	-9
0.666667	123	-10.5
0.666667	124	-12.5
0.666667	125	-8.5
0.666667	126	-10
0.666667	127	-10
0.666667	128	-13
0.666667	129	-4
0.666667	130	-11
0.666667	131	-14.5
0.666667	132	-10.5
0.666667	133	-17
0.666667	134	-14
0.666667	135	-18
0.666667	136	-15
0.666667	137	-14
0.666667	138	-12
0.666667	139	-16
0.666667	140	-14
0.666667	141	-12
0.666667	142	-11
0.666667	143	-21
0.666667	144	-21.5
0.666667	145	-21
0.666667	146	-12.5
0.666667	147	-11
0.666667	148	-13.5
0.666667	149	-14.5
0.666667	150	-14
0.666667	151	-19.5
0.666667	152	-17.5
0.666667	153	-17.5
0.666667	154	-14.5
0.666667	155	-14.5
0.666667	156	-13.5
0.666667	157	-14
0.666667	158	-6.5
0.666667	159	-14.5
0.666667	160	-11.5
0.666667	161	-8.5
0.666667	162	-10
0.666667	163	-12
0.666667	164	-13
0.666667	165	-10
0.666667	166	-10
0.666667	167	-13.5
0.666667	168	-21.5
0.666667	169	-22
0.666667	170	-14
0.666667	171	-16
0.666667	172	-13.5
0.666667	173	-21
0.666667	174	-25
0.666667	175	-20
0.666667	176	-18
0.666667	177	-14.5
0.666667	178	-25
0.666667	179	-22
0.666667	180	-25
0.666667	181	-14.5
0.666667	182	-17.5
0.666667	183	-21
0.666667	184	-19
0.666667	185	-20
0.666667	186	-15.5
0.666667	187	-10.5
0.666667	188	-12.5
0.666667	189	-9.5
0.666667	190	-8.5
0.666667	191	-7
0.666667	192	-13
0.666667	193	-17
0.666667	194	-17.5
0.666667	195	-12.5
0.666667	196	-14.5
0.666667	197	-16.5
0.666667	198	-14
0.666667	199	-21
0.666667	200	-17.5
0.666667	201	-18.5
0.666667	202	-20
0.666667	203	-17
0.666667	204	-17
0.666667	205	-14
0.666667	206	-25
0.666667	207	-25
0.666667	208	-21.5
0.666667	209	-17.5
0.666667	210	-17.5
0.666667	211	-14.5
0.666667	212	-11.5
0.666667	213	-17
0.666667	214	-15.5
0.666667	215	-17
0.666667	216	-14
0.666667	217	-5
0.666667	218	-4
0.666667	219	-13
0.666667	220	-11
0.666667	221	-14.5
0.666667	222	-11.5
0.666667	223	-11.5
0.666667	224	-11.5
0.666667	225	-13
0.666667	226	-18.5
0.666667	227	-21.5
0.666667	228	-25
0.666667	229	-21
0.666667	230	-14
0.666667	231	-14
0.666667	232	-19.5
0.666667	233	-21.5
0.666667	234	-25
0.666667	235	-18.5
0.666667	236	-22
0.666667	237	-18
0.666667	238	-19
0.666667	239	-21.5
0.666667	240	-21
0.666667	241	-21.5
0.666667	242	-25
0.666667	243	-25
0.666667	244	-15
0.666667	245	-13
0.666667	246	-14
0.666667	247	-12.5
0.666667	248	-14
0.666667	249	-14
0.666667	250	-17.5
0.666667	251	-12
0.666667	252	-7
0.666667	253	-17.5
0.666667	254	-18
0.666667	255	-21
0.666667	256	-21
0.666667	257	-21.5
0.666667	258	-21
0.666667	259	-22
0.666667	260	-17
0.666667	261	-13.5
0.666667	262	-15
0.666667	263	-10.5
0.666667	264	-6.5
0.666667	265	-9
0.666667	266	-15
0.666667	267	-17
0.666667	268	-21
0.666667	269	-17.5
0.666667	270	-17.5
0.666667	271	-17.5
0.666667	272	-12.5
0.666667	273	-21.5
0.666667	274	-10
0.666667	275	-10
0.666667	276	-15.5
0.666667	277	-18
0.666667	278	-17.5
0.666667	279	-16.5
0.666667	280	-21.5
0.666667	281	-19.5
0.666667	282	-18
0.666667	283	-17.5
0.666667	284	-9
0.666667	285	-17.5
0.666667	286	-14.5
0.666667	287	-17
0.666667	288	-21
0.666667	289	-17.5
0.666667	290	-18
0.666667	291	-18.5
0.666667	292	-21.5
0.666667	293	-25
0.666667	294	-21.5
0.666667	295	-16
0.666667	296	-18
0.666667	297	-22
0.666667	298	-22
0.666667	299	-21.5
0.666667	300	-25
0.666667	301	-16
0.666667	302	-15.5
0.666667	303	-8.5
0.666667	304	-10.5
0.666667	305	-14
0.666667	306	-8.5
0.666667	307	-12
0.666667	308	-13.5
0.666667	309	-15.5
0.666667	310	-15.5
0.666667	311	-13.5
0.666667	312	-10.5
0.666667	313	-13
0.666667	314	-8.5
0.666667	315	-14
0.666667	316	-8.5
0.666667	317	-7.5
0.666667	318	-14
0.666667	319	-21
0.666667	320	-21.5
0.666667	321	-20.5
0.666667	322	-22
0.666667	323	-22
0.666667	324	-21.5
0.666667	325	-17
0.666667	326	-4.5
0.666667	327	-7
0.666667	328	-3.5
0.666667	329	-10
0.666667	330	-8.5
0.666667	331	-11
0.666667	332	-12
0.666667	333	-14.5
0.666667	334	-12.5
0.666667	335	-9
0.666667	336	-13
0.666667	337	-11
0.666667	338	-12.5
0.666667	339	-14
0.666667	340	-21.5
0.666667	341	-17.5
0.666667	342	-21.5
0.666667	343	-22
0.666667	344	-18
0.666667	345	-19
0.666667	346	-15
0.666667	347	-12
0.666667	348	-14.5
0.666667	349	-19
0.666667	350	-21.5
0.666667	351	-21.5
0.666667	352	-25
0.666667	353	-21.5
0.666667	354	-11
0.666667	355	-14.5
0.666667	356	-19
0.666667	357	-16
0.666667	358	-16.5
0.666667	359	-16.5
0.666667	360	-21.5
0.666667	361	-11
0.666667	362	-9
0.666667	363	-14.5
0.666667	364	-15
0.666667	365	-14.5
0.666667	366	-6.5
0.666667	367	-9.5
0.666667	368	-14
0.666667	369	-14
0.666667	370	-15.5
0.666667	371	-14.5
0.666667	372	-25
0.666667	373	-21.5
0.666667	374	-25
0.666667	375	-25
0.666667	376	-21.5
0.666667	377	-21
0.666667	378	-17
0.666667	379	-13.5
0.666667	380	-21
0.666667	381	-25
0.666667	382	-21.5
0.666667	383	-17.5
0.666667	384	-17
0.666667	385	-18
0.666667	386	-16.5
0.666667	387	-11
0.666667	388	-19
0.666667	389	-25
0.666667	390	-13.5
0.666667	391	-13.5
0.666667	392	-16.5
0.666667	393	-21.5
0.666667	394	-17.5
0.666667	395	-17
0.666667	396	-15.5
0.666667	397	-10.5
0.666667	398	-9.5
0.666667	399	-12.5
0.666667	400	-7
0.666667	401	-10
0.666667	402	-9
0.666667	403	-7
0.666667	404	-6.5
0.666667	405	-3
0.666667	406	-16
0.666667	407	-8
0.666667	408	-8.5
0.666667	409	-10
0.666667	410	-10
0.666667	411	-13.5
0.666667	412	-15.5
0.666667	413	-13.5
0.666667	414	-7
0.666667	415	-7
0.666667	416	-14.5
0.666667	417	-15.5
0.666667	418	-14
0.666667	419	-16.5
0.666667	420	-20
0.666667	421	-14.5
0.666667	422	-17
0.666667	423	-18.5
0.666667	424	-25
0.666667	425	-11.5
0.666667	426	-13.5
0.666667	427	-17
0.666667	428	-19.5
0.666667	429	-17
0.666667	430	-15.5
0.666667	431	-16.5
0.666667	432	-12.5
0.666667	433	-13
0.666667	434	-14.5
0.666667	435	-25
0.666667	436	-18
0.666667	437	-14.5
0.666667	438	-18
0.666667	439	-18
0.666667	440	-21
0.666667	441	-21.5
0.666667	442	-21
0.666667	443	-18
0.666667	444	-21.5
0.666667	445	-25
0.666667	446	-14
0.666667	447	-17
0.666667	448	-21.5
0.666667	449	-22
0.666667	450	-16.5
0.666667	451	-16.5
0.666667	452	-15.5
0.666667	453	-15.5
0.666667	454	-14.5
0.666667	455	-17
0.666667	456	-17.5
0.666667	457	-15
0.666667	458	-18.5
0.666667	459	-16.5
0.666667	460	-21
0.666667	461	-14
0.666667	462	-15.5
0.666667	463	-21.5
0.666667	464	-25
0.666667	465	-25
0.666667	466	-17.5
0.666667	467	-16
0.666667	468	-25
0.666667	469	-25
0.666667	470	-25
0.666667	471	-25
0.666667	472	-17.5
0.666667	473	-21.5
0.666667	474	-21.5
0.666667	475	-13
0.666667	476	-17
0.666667	477	-15.5
0.666667	478	-21
0.666667	479	-17.5
0.666667	480	-19.5
0.666667	481	-16
0.666667	482	-16.5
0.666667	483	-20
0.666667	484	-17
0.666667	485	-18
0.666667	486	-16.5
0.666667	487	-18.5
0.666667	488	-21.5
0.666667	489	-18
0.666667	490	-21.5
0.666667	491	-21.5
0.666667	492	-6.5
0.666667	493	-15
0.666667	494	-9.5
0.666667	495	-11
0.666667	496	-12
0.666667	497	-13.5
0.666667	498	-8.5
0.666667	499	-7


0.5	0	-12.5
0.5	1	-15
0.5	2	-20
0.5	3	-25
0.5	4	-18
0.5	5	-25
0.5	6	-13
0.5	7	-10
0.5	8	-15.5
0.5	9	-21.5
0.5	10	-15.5
0.5	11	-19.5
0.5	12	-21
0.5	13	-16.5
0.5	14	-19
0.5	15	-9.5
0.5	16	-12
0.5	17	-10.5
0.5	18	-5
0.5	19	-9.5
0.5	20	-13.5
0.5	21	-14
0.5	22	-15
0.5	23	-20
0.5	24	-15.5
0.5	25	-18
0.5	26	-16.5
0.5	27	-21.5
0.5	28	-16.5
0.5	29	-11.5
0.5	30	-11.5
0.5	31	-10.5
0.5	32	-17.5
0.5	33	-13.5
0.5	34	-12
0.5	35	-17.5
0.5	36	-25
0.5	37	-21
0.5	38	-25
0.5	39	-9.5
0.5	40	-15
0.5	41	-10
0.5	42	-4
0.5	43	-9
0.5	44	-11.5
0.5	45	-13.5
0.5	46	-2
0.5	47	-8
0.5	48	-9.5
0.5	49	-8
0.5	50	-12.5
0.5	51	-9.5
0.5	52	-6.5
0.5	53	-10.5
0.5	54	-11
0.5	55	-18
0.5	56	-20.5
0.5	57	-15
0.5	58	-15
0.5	59	-11.5
0.5	60	-17.5
0.5	61	-14.5
0.5	62	-5
0.5	63	-8.5
0.5	64	-9
0.5	65	-8.5
0.5	66	-8
0.5	67	-9
0.5	68	-4.5
0.5	69	-5
0.5	70	-9.5
0.5	71	-9.5
0.5	72	-11
0.5	73	-14
0.5	74	-16
0.5	75	-13
0.5	76	-10
0.5	77	-8.5
0.5	78	-7
0.5	79	-6.5
0.5	80	-9.5
0.5	81	-10.5
0.5	82	-9
0.5	83	-11.5
0.5	84	-11.5
0.5	85	-11
0.5	86	-11
0.5	87	-10
0.5	88	-5
0.5	89	-10
0.5	90	-10.5
0.5	91	-9.5
0.5	92	-10
0.5	93	-12.5
0.5	94	-12
0.5	95	-6.5
0.5	96	-10.5
0.5	97	-9.5
0.5	98	-6
0.5	99	-11
0.5	100	-10
0.5	101	-6.5
0.5	102	-7.5
0.5	103	-9.5
0.5	104	-4
0.5	105	-8.5
0.5	106	-10.5
0.5	107	-9.5
0.5	108	-11
0.5	109	-15
0.5	110	-13
0.5	111	-18.5
0.5	112	-16.5
0.5	113	-18
0.5	114	-25
0.5	115	-14
0.5	116	-13.5
0.5	117	-11.5
0.5	118	-13
0.5	119	-14
0.5	120	-17
0.5	121	-25
0.5	122	-21.5
0.5	123	-19
0.5	124	-14
0.5	125	-16
0.5	126	-13
0.5	127	-13.5
0.5	128	-12
0.5	129	-9.5
0.5	130	-11.5
0.5	131	-10
0.5	132	-9.5
0.5	133	-10
0.5	134	-8
0.5	135	-13
0.5	136	-13.5
0.5	137	-11
0.5	138	-11
0.5	139	-10.5
0.5	140	-11
0.5	141	-8
0.5	142	-9.5
0.5	143	-5.5
0.5	144	-7
0.5	145	-5
0.5	146	-8
0.5	147	-9.5
0.5	148	-7
0.5	149	-8.5
0.5	150	-11
0.5	151	-12
0.5	152	-14.5
0.5	153	-10.5
0.5	154	-15
0.5	155	-7.5
0.5	156	-10
0.5	157	-14
0.5	158	-18.5
0.5	159	-21.5
0.5	160	-19.5
0.5	161	-21
0.5	162	-17.5
0.5	163	-13.5
0.5	164	-13.5
0.5	165	-12
0.5	166	-13
0.5	167	-13.5
0.5	168	-12.5
0.5	169	-13.5
0.5	170	-18.5
0.5	171	-13
0.5	172	-11
0.5	173	-15.5
0.5	174	-21
0.5	175	-10.5
0.5	176	-14.5
0.5	177	-12
0.5	178	-15
0.5	179	-21.5
0.5	180	-18.5
0.5	181	-14.5
0.5	182	-15
0.5	183	-20
0.5	184	-15
0.5	185	-18.5
0.5	186	-25
0.5	187	-17.5
0.5	188	-11.5
0.5	189	-8.5
0.5	190	-12.5
0.5	191	-11
0.5	192	-12.5
0.5	193	-21.5
0.5	194	-22
0.5	195	-18
0.5	196	-18
0.5	197	-18.5
0.5	198	-6
0.5	199	-10
0.5	200	-15.5
0.5	201	-17.5
0.5	202	-21
0.5	203	-19
0.5	204	-16
0.5	205	-16
0.5	206	-4.5
0.5	207	-12.5
0.5	208	-10
0.5	209	-10
0.5	210	-11
0.5	211	-10
0.5	212	-10
0.5	213	-17
0.5	214	-12.5
0.5	215	-17
0.5	216	-16.5
0.5	217	-25
0.5	218	-25
0.5	219	-25
0.5	220	-25
0.5	221	-19
0.5	222	-21
0.5	223	-17.5
0.5	224	-15.5
0.5	225	-19
0.5	226	-16
0.5	227	-5
0.5	228	-11
0.5	229	-9
0.5	230	-11.5
0.5	231	-9.5
0.5	232	-5
0.5	233	-14
0.5	234	-16.5
0.5	235	-14.5
0.5	236	-13.5
0.5	237	-18.5
0.5	238	-17.5
0.5	239	-13.5
0.5	240	-13.5
0.5	241	-8
0.5	242	-9.5
0.5	243	-9
0.5	244	-9
0.5	245	-10.5
0.5	246	-8.5
0.5	247	-7.5
0.5	248	-10
0.5	249	-6
0.5	250	-10.5
0.5	251	-14.5
0.5	252	-14
0.5	253	-25
0.5	254	-15.5
0.5	255	-7.5
0.5	256	-11.5
0.5	257	-9
0.5	258	-8
0.5	259	-13.5
0.5	260	-15
0.5	261	-9.5
0.5	262	-10
0.5	263	-12
0.5	264	-8.5
0.5	265	-9
0.5	266	-9.5
0.5	267	-5
0.5	268	-12.5
0.5	269	-12.5
0.5	270	-11.5
0.5	271	-17
0.5	272	-25
0.5	273	-18
0.5	274	-25
0.5	275	-21.5
0.5	276	-14.5
0.5	277	-12
0.5	278	-14.5
0.5	279	-14
0.5	280	-18
0.5	281	-18.5
0.5	282	-18
0.5	283	-13
0.5	284	-15
0.5	285	-15.5
0.5	286	-21
0.5	287	-25
0.5	288	-21.5
0.5	289	-7
0.5	290	-11.5
0.5	291	-14
0.5	292	-11.5
0.5	293	-13.5
0.5	294	-21
0.5	295	-18
0.5	296	-14
0.5	297	-13.5
0.5	298	-12
0.5	299	-15.5
0.5	300	-10.5
0.5	301	-9.5
0.5	302	-9
0.5	303	-15.5
0.5	304	-9
0.5	305	-13.5
0.5	306	-15
0.5	307	-8
0.5	308	-13.5
0.5	309	-7
0.5	310	-5.5
0.5	311	-10
0.5	312	-12.5
0.5	313	-10
0.5	314	-7.5
0.5	315	-7
0.5	316	-7.5
0.5	317	-7.5
0.5	318	-7.5
0.5	319	-7.5
0.5	320	-11
0.5	321	-9.5
0.5	322	-8.5
0.5	323	-6
0.5	324	-5.5
0.5	325	-6.5
0.5	326	-10
0.5	327	-6.5
0.5	328	-14.5
0.5	329	-13.5
0.5	330	-12.5
0.5	331	-14.5
0.5	332	-19.5
0.5	333	-15.5
0.5	334	-13
0.5	335	-17.5
0.5	336	-16
0.5	337	-18
0.5	338	-14.5
0.5	339	-15.5
0.5	340	-9.5
0.5	341	-11
0.5	342	-10
0.5	343	-15
0.5	344	-8
0.5	345	-17.5
0.5	346	-14.5
0.5	347	-19
0.5	348	-11.5
0.5	349	-17.5
0.5	350	-17
0.5	351	-12.5
0.5	352	-13.5
0.5	353	-25
0.5	354	-25
0.5	355	-17
0.5	356	-10
0.5	357	-11.5
0.5	358	-12.5
0.5	359	-9.5
0.5	360	-16
0.5	361	-15.5
0.5	362	-19
0.5	363	-21
0.5	364	-15.5
0.5	365	-13.5
0.5	366	-17
0.5	367	-21
0.5	368	-14.5
0.5	369	-8.5
0.5	370	-17
0.5	371	-18
0.5	372	-18
0.5	373	-16.5
0.5	374	-12
0.5	375	-13.5
0.5	376	-18
0.5	377	-21
0.5	378	-25
0.5	379	-21.5
0.5	380	-8.5
0.5	381	-19
0.5	382	-13
0.5	383	-16
0.5	384	-7.5
0.5	385	-6
0.5	386	-12
0.5	387	-9.5
0.5	388	-13
0.5	389	-9.5
0.5	390	-7
0.5	391	-8.5
0.5	392	-10.5
0.5	393	-5.5
0.5	394	-9.5
0.5	395	-8
0.5	396	-9.5
0.5	397	-21.5
0.5	398	-21.5
0.5	399	-25
0.5	400	-25
0.5	401	-25
0.5	402	-14
0.5	403	-21.5
0.5	404	-21.5
0.5	405	-19
0.5	406	-15
0.5	407	-13.5
0.5	408	-10.5
0.5	409	-7.5
0.5	410	-6
0.5	411	-12.5
0.5	412	-6
0.5	413	-12
0.5	414	-12
0.5	415	-9
0.5	416	-7
0.5	417	-11.5
0.5	418	-11.5
0.5	419	-13.5
0.5	420	-18
0.5	421	-12.5
0.5	422	-11.5
0.5	423	-15
0.5	424	-10.5
0.5	425	-13.5
0.5	426	-10.5
0.5	427	-7
0.5	428	-8.5
0.5	429	-11.5
0.5	430	-13.5
0.5	431	-13.5
0.5	432	-10
0.5	433	-8
0.5	434	-10.5
0.5	435	-10.5
0.5	436	-10
0.5	437	-6.5
0.5	438	-9
0.5	439	-9
0.5	440	-9.5
0.5	441	-11
0.5	442	-8.5
0.5	443	-10
0.5	444	-12.5
0.5	445	-19.5
0.5	446	-17.5
0.5	447	-5
0.5	448	-9.5
0.5	449	-11
0.5	450	-13
0.5	451	-8.5
0.5	452	-7.5
0.5	453	-13.5
0.5	454	-10
0.5	455	-13
0.5	456	-4.5
0.5	457	-9
0.5	458	-9.5
0.5	459	-12.5
0.5	460	-11
0.5	461	-11.5
0.5	462	-17
0.5	463	-18
0.5	464	-14
0.5	465	-25
0.5	466	-25
0.5	467	-22
0.5	468	-15.5
0.5	469	-21
0.5	470	-17.5
0.5	471	-18
0.5	472	-21.5
0.5	473	-21.5
0.5	474	-25
0.5	475	-21.5
0.5	476	-17.5
0.5	477	-18.5
0.5	478	-13
0.5	479	-9
0.5	480	-13
0.5	481	-9
0.5	482	-9
0.5	483	-13
0.5	484	-18
0.5	485	-11.5
0.5	486	-13.5
0.5	487	-12
0.5	488	-21
0.5	489	-8.5
0.5	490	-7.5
0.5	491	-11.5
0.5	492	-10.5
0.5	493	-14
0.5	494	-16
0.5	495	-16.5
0.5	496	-17.5
0.5	497	-21.5
0.5	498	-20.5
0.5	499	-22


0.4	0	-18
0.4	1	-10
0.4	2	-5.5
0.4	3	-11
0.4	4	-7.5
0.4	5	-6.5
0.4	6	-9.5
0.4	7	-8
0.4	8	-10
0.4	9	-5
0.4	10	-16.5
0.4	11	-12.5
0.4	12	-11.5
0.4	13	-11
0.4	14	-8.5
0.4	15	-16
0.4	16	-8.5
0.4	17	-11
0.4	18	-16.5
0.4	19	-21
0.4	20	-21.5
0.4	21	-18
0.4	22	-13
0.4	23	-21.5
0.4	24	-20
0.4	25	-19
0.4	26	-15
0.4	27	-12.5
0.4	28	-7
0.4	29	-6
0.4	30	-14
0.4	31	-13.5
0.4	32	-16.5
0.4	33	-17.5
0.4	34	-15.5
0.4	35	-21
0.4	36	-10
0.4	37	-3.5
0.4	38	-3.5
0.4	39	-12.5
0.4	40	-6
0.4	41	-6.5
0.4	42	-5.5
0.4	43	-7.5
0.4	44	-9
0.4	45	-9.5
0.4	46	-6
0.4	47	-5.5
0.4	48	-6
0.4	49	-16
0.4	50	-13
0.4	51	-16
0.4	52	-17.5
0.4	53	-18.5
0.4	54	-21
0.4	55	-15.5
0.4	56	-17
0.4	57	-15
0.4	58	-11
0.4	59	-10
0.4	60	-16.5
0.4	61	-13
0.4	62	-21.5
0.4	63	-17.5
0.4	64	-16.5
0.4	65	-15
0.4	66	-7.5
0.4	67	-9
0.4	68	-11.5
0.4	69	-10
0.4	70	-11.5
0.4	71	-13
0.4	72	-13
0.4	73	-8.5
0.4	74	-12.5
0.4	75	-10.5
0.4	76	-12.5
0.4	77	-10.5
0.4	78	-16
0.4	79	-21.5
0.4	80	-17.5
0.4	81	-8.5
0.4	82	-8.5
0.4	83	-11
0.4	84	-16.5
0.4	85	-11.5
0.4	86	-10.5
0.4	87	-4
0.4	88	-5.5
0.4	89	-8.5
0.4	90	-7
0.4	91	-12.5
0.4	92	-14.5
0.4	93	-11.5
0.4	94	-10.5
0.4	95	-13
0.4	96	-5
0.4	97	-11.5
0.4	98	-11
0.4	99	-8.5
0.4	100	-15
0.4	101	-14.5
0.4	102	-13.5
0.4	103	-8.5
0.4	104	-5.5
0.4	105	-6.5
0.4	106	-7
0.4	107	-16
0.4	108	-9
0.4	109	-16.5
0.4	110	-9
0.4	111	-7
0.4	112	-8.5
0.4	113	-10
0.4	114	-7
0.4	115	-9.5
0.4	116	-13.5
0.4	117	-9.5
0.4	118	-7
0.4	119	-8
0.4	120	-10.5
0.4	121	-9.5
0.4	122	-13.5
0.4	123	-9
0.4	124	-11.5
0.4	125	-11.5
0.4	126	-13.5
0.4	127	-13.5
0.4	128	-19
0.4	129	-18.5
0.4	130	-19
0.4	131	-21
0.4	132	-13.5
0.4	133	-11
0.4	134	-9.5
0.4	135	-9
0.4	136	-4.5
0.4	137	-13
0.4	138	-11.5
0.4	139	-16.5
0.4	140	-15
0.4	141	-13
0.4	142	-18
0.4	143	-10
0.4	144	-9
0.4	145	-8.5
0.4	146	-17.5
0.4	147	-21.5
0.4	148	-18
0.4	149	-21.5
0.4	150	-10.5
0.4	151	-12.5
0.4	152	-12.5
0.4	153	-9.5
0.4	154	-7
0.4	155	-6
0.4	156	-4.5
0.4	157	-10
0.4	158	-11.5
0.4	159	-14.5
0.4	160	-12
0.4	161	-13.5
0.4	162	-9.5
0.4	163	-12.5
0.4	164	-17.5
0.4	165	-9
0.4	166	-6
0.4	167	-4
0.4	168	-8
0.4	169	-10
0.4	170	-7
0.4	171	-8
0.4	172	-9.5
0.4	173	-5
0.4	174	-16
0.4	175	-14
0.4	176	-16
0.4	177	-10.5
0.4	178	-18
0.4	179	-18
0.4	180	-13.5
0.4	181	-14
0.4	182	-14.5
0.4	183	-17.5
0.4	184	-17.5
0.4	185	-15
0.4	186	-18
0.4	187	-17.5
0.4	188	-13.5
0.4	189	-16
0.4	190	-16.5
0.4	191	-9
0.4	192	-12.5
0.4	193	-10
0.4	194	-13
0.4	195	-5
0.4	196	-6.5
0.4	197	-14.5
0.4	198	-13.5
0.4	199	-16
0.4	200	-14
0.4	201	-14
0.4	202	-8.5
0.4	203	-6
0.4	204	-12.5
0.4	205	-5
0.4	206	-11.5
0.4	207	-9.5
0.4	208	-3.5
0.4	209	-12
0.4	210	-12
0.4	211	-17.5
0.4	212	-8.5
0.4	213	-10
0.4	214	-25
0.4	215	-11.5
0.4	216	-15
0.4	217	-15.5
0.4	218	-10
0.4	219	-8
0.4	220	-11.5
0.4	221	-12.5
0.4	222	-13
0.4	223	-14
0.4	224	-14
0.4	225	-20
0.4	226	-17.5
0.4	227	-16
0.4	228	-19
0.4	229	-17
0.4	230	-10.5
0.4	231	-14
0.4	232	-7.5
0.4	233	-17.5
0.4	234	-15
0.4	235	-17.5
0.4	236	-15
0.4	237	-16
0.4	238	-21.5
0.4	239	-25
0.4	240	-25
0.4	241	-18
0.4	242	-19
0.4	243	-25
0.4	244	-25
0.4	245	-15
0.4	246	-13
0.4	247	-13
0.4	248	-14.5
0.4	249	-4.5
0.4	250	-5
0.4	251	-7
0.4	252	-8.5
0.4	253	-9.5
0.4	254	-8
0.4	255	-11.5
0.4	256	-10
0.4	257	-5.5
0.4	258	-10.5
0.4	259	-17
0.4	260	-14
0.4	261	-10.5
0.4	262	-7.5
0.4	263	-5
0.4	264	-6
0.4	265	-4
0.4	266	-5
0.4	267	-13
0.4	268	-5.5
0.4	269	-7.5
0.4	270	-6
0.4	271	-11
0.4	272	-5
0.4	273	-8.5
0.4	274	-5
0.4	275	-8
0.4	276	-15.5
0.4	277	-15
0.4	278	-14.5
0.4	279	-18
0.4	280	-15
0.4	281	-15.5
0.4	282	-12.5
0.4	283	-15
0.4	284	-25
0.4	285	-14.5
0.4	286	-16.5
0.4	287	-14
0.4	288	-21
0.4	289	-15
0.4	290	-13.5
0.4	291	-9.5
0.4	292	-12
0.4	293	-6.5
0.4	294	-6.5
0.4	295	-8.5
0.4	296	-8.5
0.4	297	-5.5
0.4	298	-5
0.4	299	-11
0.4	300	-13
0.4	301	-16
0.4	302	-12.5
0.4	303	-18.5
0.4	304	-18.5
0.4	305	-5.5
0.4	306	-8.5
0.4	307	-10
0.4	308	-11.5
0.4	309	-6
0.4	310	-11
0.4	311	-6
0.4	312	-11
0.4	313	-6.5
0.4	314	-9
0.4	315	-9.5
0.4	316	-15.5
0.4	317	-17.5
0.4	318	-15.5
0.4	319	-14
0.4	320	-8
0.4	321	-7
0.4	322	-13.5
0.4	323	-17.5
0.4	324	-13.5
0.4	325	-17.5
0.4	326	-12.5
0.4	327	-10.5
0.4	328	-18
0.4	329	-16.5
0.4	330	-10.5
0.4	331	-11.5
0.4	332	-6.5
0.4	333	-9
0.4	334	-7
0.4	335	-13.5
0.4	336	-10
0.4	337	-4
0.4	338	-4
0.4	339	-3
0.4	340	-6.5
0.4	341	-10.5
0.4	342	-8.5
0.4	343	-14.5
0.4	344	-17.5
0.4	345	-25
0.4	346	-21
0.4	347	-17
0.4	348	-19
0.4	349	-17.5
0.4	350	-13.5
0.4	351	-9
0.4	352	-15.5
0.4	353	-13
0.4	354	-15
0.4	355	-25
0.4	356	-25
0.4	357	-25
0.4	358	-21.5
0.4	359	-20
0.4	360	-14
0.4	361	-15
0.4	362	-17.5
0.4	363	-16
0.4	364	-15
0.4	365	-18
0.4	366	-21
0.4	367	-13
0.4	368	-21.5
0.4	369	-25
0.4	370	-25
0.4	371	-16
0.4	372	-25
0.4	373	-17
0.4	374	-16
0.4	375	-15.5
0.4	376	-12.5
0.4	377	-10.5
0.4	378	-16.5
0.4	379	-12.5
0.4	380	-3
0.4	381	-10
0.4	382	-10.5
0.4	383	-9
0.4	384	-10.5
0.4	385	-7.5
0.4	386	-6.5
0.4	387	-8.5
0.4	388	-17
0.4	389	-17
0.4	390	-10
0.4	391	-9.5
0.4	392	-17.5
0.4	393	-10.5
0.4	394	-13
0.4	395	-20
0.4	396	-14.5
0.4	397	-10.5
0.4	398	-10
0.4	399	-8
0.4	400	-10.5
0.4	401	-6.5
0.4	402	-11
0.4	403	-12.5
0.4	404	-10
0.4	405	-8.5
0.4	406	-11
0.4	407	-8
0.4	408	-9
0.4	409	-7
0.4	410	-6.5
0.4	411	-12
0.4	412	-5.5
0.4	413	-11.5
0.4	414	-10
0.4	415	-7
0.4	416	-10
0.4	417	-8
0.4	418	-4.5
0.4	419	-8
0.4	420	-4
0.4	421	-11
0.4	422	-13
0.4	423	-16.5
0.4	424	-14
0.4	425	-16.5
0.4	426	-18.5
0.4	427	-14.5
0.4	428	-18
0.4	429	-8.5
0.4	430	-11.5
0.4	431	-5
0.4	432	-7
0.4	433	-7
0.4	434	-10.5
0.4	435	-12.5
0.4	436	-7
0.4	437	-11.5
0.4	438	-14.5
0.4	439	-17.5
0.4	440	-18.5
0.4	441	-14.5
0.4	442	-14
0.4	443	-7.5
0.4	444	-10.5
0.4	445	-10
0.4	446	-11.5
0.4	447	-7
0.4	448	-11.5
0.4	449	-6
0.4	450	-9
0.4	451	-7
0.4	452	-6
0.4	453	-6
0.4	454	-6
0.4	455	-8.5
0.4	456	-11
0.4	457	-8
0.4	458	-3
0.4	459	-6
0.4	460	-5.5
0.4	461	-3.5
0.4	462	-8.5
0.4	463	-10.5
0.4	464	-13.5
0.4	465	-7.5
0.4	466	-8
0.4	467	-9.5
0.4	468	-10.5
0.4	469	-6.5
0.4	470	-8.5
0.4	471	-12.5
0.4	472	-15
0.4	473	-18
0.4	474	-18
0.4	475	-13
0.4	476	-21
0.4	477	-25
0.4	478	-17.5
0.4	479	-10
0.4	480	-11
0.4	481	-11.5
0.4	482	-9.5
0.4	483	-11.5
0.4	484	-8.5
0.4	485	-12.5
0.4	486	-5
0.4	487	-6.5
0.4	488	-7
0.4	489	-9
0.4	490	-9
0.4	491	-11
0.4	492	-9
0.4	493	-10
0.4	494	-9.5
0.4	495	-13.5
0.4	496	-9
0.4	497	-7.5
0.4	498	-14.5
0.4	499	-13.5


0.333333	0	-9.5
0.333333	1	-6
0.333333	2	-19
0.333333	3	-14
0.333333	4	-17.5
0.333333	5	-12
0.333333	6	-25
0.333333	7	-18
0.333333	8	-13.5
0.333333	9	-14.5
0.333333	10	-11
0.333333	11	-10
0.333333	12	-12
0.333333	13	-15
0.333333	14	-14.5
0.333333	15	-21.5
0.333333	16	-25
0.333333	17	-18
0.333333	18	-15
0.333333	19	-8.5
0.333333	20	-5.5
0.333333	21	-16
0.333333	22	-16.5
0.333333	23	-14.5
0.333333	24	-6
0.333333	25	-9
0.333333	26	-7.5
0.333333	27	-7.5
0.333333	28	-9.5
0.333333	29	-12.5
0.333333	30	-8.5
0.333333	31	-14
0.333333	32	-10
0.333333	33	-17.5
0.333333	34	-21
0.333333	35	-25
0.333333	36	-21.5
0.333333	37	-18.5
0.333333	38	-14
0.333333	39	-13.5
0.333333	40	-11
0.333333	41	-12.5
0.333333	42	-5.5
0.333333	43	-8.5
0.333333	44	-10
0.333333	45	-8.5
0.333333	46	-10.5
0.333333	47	-13.5
0.333333	48	-5
0.333333	49	-12.5
0.333333	50	-13
0.333333	51	-12
0.333333	52	-7
0.333333	53	-3.5
0.333333	54	-9
0.333333	55	-11
0.333333	56	-9
0.333333	57	-8
0.333333	58	-10.5
0.333333	59	-13.5
0.333333	60	-13.5
0.333333	61	-8.5
0.333333	62	-13
0.333333	63	-13.5
0.333333	64	-5.5
0.333333	65	-5.5
0.333333	66	-14.5
0.333333	67	-11.5
0.333333	68	-20
0.333333	69	-17.5
0.333333	70	-17.5
0.333333	71	-12.5
0.333333	72	-13.5
0.333333	73	-10
0.333333	74	-10.5
0.333333	75	-8
0.333333	76	-8.5
0.333333	77	-3
0.333333	78	-11
0.333333	79	-13
0.333333	80	-9
0.333333	81	-11.5
0.333333	82	-15.5
0.333333	83	-21.5
0.333333	84	-17.5
0.333333	85	-17.5
0.333333	86	-7
0.333333	87	-10.5
0.333333	88	-11
0.333333	89	-11
0.333333	90	-15
0.333333	91	-13
0.333333	92	-15
0.333333	93	-16
0.333333	94	-10.5
0.333333	95	-17
0.333333	96	-10
0.333333	97	-14
0.333333	98	-7.5
0.333333	99	-11
0.333333	100	-9.5
0.333333	101	-12
0.333333	102	-10.5
0.333333	103	-15
0.333333	104	-11.5
0.333333	105	-12
0.333333	106	-15
0.333333	107	-16.5
0.333333	108	-22
0.333333	109	-18
0.333333	110	-21
0.333333	111	-14.5
0.333333	112	-11
0.333333	113	-6.5
0.333333	114	-14.5
0.333333	115	-13.5
0.333333	116	-8.5
0.333333	117	-13.5
0.333333	118	-13.5
0.333333	119	-11.5
0.333333	120	-12.5
0.333333	121	-14.5
0.333333	122	-8
0.333333	123	-5.5
0.333333	124	-9
0.333333	125	-3.5
0.333333	126	-9
0.333333	127	-8
0.333333	128	-9
0.333333	129	-21.5
0.333333	130	-17.5
0.333333	131	-14.5
0.333333	132	-9.5
0.333333	133	-12.5
0.333333	134	-9.5
0.333333	135	-5.5
0.333333	136	-10
0.333333	137	-9
0.333333	138	-12
0.333333	139	-9.5
0.333333	140	-7.5
0.333333	141	-8.5
0.333333	142	-6.5
0.333333	143	-15
0.333333	144	-14.5
0.333333	145	-12.5
0.333333	146	-7
0.333333	147	-5.5
0.333333	148	-7.5
0.333333	149	-7
0.333333	150	-18
0.333333	151	-17
0.333333	152	-6
0.333333	153	-5.5
0.333333	154	-5
0.333333	155	-9
0.333333	156	-13.5
0.333333	157	-15.5
0.333333	158	-13.5
0.333333	159	-15.5
0.333333	160	-14
0.333333	161	-25
0.333333	162	-25
0.333333	163	-25
0.333333	164	-21.5
0.333333	165	-15.5
0.333333	166	-16
0.333333	167	-8.5
0.333333	168	-13
0.333333	169	-15.5
0.333333	170	-15
0.333333	171	-22
0.333333	172	-14
0.333333	173	-17
0.333333	174	-10
0.333333	175	-13.5
0.333333	176	-25
0.333333	177	-11.5
0.333333	178	-12.5
0.333333	179	-12.5
0.333333	180	-7.5
0.333333	181	-7.5
0.333333	182	-12
0.333333	183	-12.5
0.333333	184	-12
0.333333	185	-15.5
0.333333	186	-10
0.333333	187	-16
0.333333	188	-16
0.333333	189	-16
0.333333	190	-14.5
0.333333	191	-11.5
0.333333	192	-19
0.333333	193	-12
0.333333	194	-16
0.333333	195	-21.5
0.333333	196	-18
0.333333	197	-25
0.333333	198	-14
0.333333	199	-9.5
0.333333	200	-14
0.333333	201	-12.5
0.333333	202	-11
0.333333	203	-21.5
0.333333	204	-14
0.333333	205	-14.5
0.333333	206	-17.5
0.333333	207	-11.5
0.333333	208	-12.5
0.333333	209	-12
0.333333	210	-18
0.333333	211	-18
0.333333	212	-9
0.333333	213	-13
0.333333	214	-21.5
0.333333	215	-11
0.333333	216	-9
0.333333	217	-9
0.333333	218	-8.5
0.333333	219	-12.5
0.333333	220	-19.5
0.333333	221	-10
0.333333	222	-18.5
0.333333	223	-17
0.333333	224	-9.5
0.333333	225	-11.5
0.333333	226	-17
0.333333	227	-15.5
0.333333	228	-14.5
0.333333	229	-7
0.333333	230	-11
0.333333	231	-7.5
0.333333	232	-18.5
0.333333	233	-20.5
0.333333	234	-9
0.333333	235	-11.5
0.333333	236	-17.5
0.333333	237	-21.5
0.333333	238	-10.5
0.333333	239	-12
0.333333	240	-8.5
0.333333	241	-21
0.333333	242	-18.5
0.333333	243	-11
0.333333	244	-12
0.333333	245	-12
0.333333	246	-8.5
0.333333	247	-9.5
0.333333	248	-11.5
0.333333	249	-11
0.333333	250	-6.5
0.333333	251	-8.5
0.333333	252	-10
0.333333	253	-10
0.333333	254	-9
0.333333	255	-12.5
0.333333	256	-10.5
0.333333	257	-10.5
0.333333	258	-10
0.333333	259	-12
0.333333	260	-9.5
0.333333	261	-11
0.333333	262	-17
0.333333	263	-22
0.333333	264	-25
0.333333	265	-12
0.333333	266	-12.5
0.333333	267	-13.5
0.333333	268	-7
0.333333	269	-5
0.333333	270	-10
0.333333	271	-8.5
0.333333	272	-9.5
0.333333	273	-4
0.333333	274	-6.5
0.333333	275	-13
0.333333	276	-6.5
0.333333	277	-6
0.333333	278	-5
0.333333	279	-11
0.333333	280	-12
0.333333	281	-9
0.333333	282	-22
0.333333	283	-14
0.333333	284	-11
0.333333	285	-8
0.333333	286	-5.5
0.333333	287	-5.5
0.333333	288	-9
0.333333	289	-11
0.333333	290	-7.5
0.333333	291	-5
0.333333	292	-8
0.333333	293	-8
0.333333	294	-8
0.333333	295	-6.5
0.333333	296	-10.5
0.333333	297	-18.5
0.333333	298	-15
0.333333	299	-12.5
0.333333	300	-10
0.333333	301	-13.5
0.333333	302	-21.5
0.333333	303	-18.5
0.333333	304	-13
0.333333	305	-5
0.333333	306	-7
0.333333	307	-10.5
0.333333	308	-5.5
0.333333	309	-18.5
0.333333	310	-13
0.333333	311	-25
0.333333	312	-20
0.333333	313	-21.5
0.333333	314	-21.5
0.333333	315	-17.5
0.333333	316	-10.5
0.333333	317	-16
0.333333	318	-15.5
0.333333	319	-10
0.333333	320	-3
0.333333	321	-8.5
0.333333	322	-13
0.333333	323	-11
0.333333	324	-5.5
0.333333	325	-15
0.333333	326	-12.5
0.333333	327	-6.5
0.333333	328	-5
0.333333	329	-6
0.333333	330	-8.5
0.333333	331	-11.5
0.333333	332	-13
0.333333	333	-21.5
0.333333	334	-20.5
0.333333	335	-25
0.333333	336	-13.5
0.333333	337	-13
0.333333	338	-15.5
0.333333	339	-17.5
0.333333	340	-25
0.333333	341	-9
0.333333	342	-8
0.333333	343	-3
0.333333	344	-11.5
0.333333	345	-21
0.333333	346	-17
0.333333	347	-16
0.333333	348	-17
0.333333	349	-18.5
0.333333	350	-16.5
0.333333	351	-12
0.333333	352	-10
0.333333	353	-6
0.333333	354	-9
0.333333	355	-10.5
0.333333	356	-9.5
0.333333	357	-12
0.333333	358	-11.5
0.333333	359	-21.5
0.333333	360	-17.5
0.333333	361	-12
0.333333	362	-12.5
0.333333	363	-8
0.333333	364	-13.5
0.333333	365	-15.5
0.333333	366	-13.5
0.333333	367	-21
0.333333	368	-12
0.333333	369	-14.5
0.333333	370	-9
0.333333	371	-10.5
0.333333	372	-6.5
0.333333	373	-4
0.333333	374	-6.5
0.333333	375	-9
0.333333	376	-12
0.333333	377	-14
0.333333	378	-11
0.333333	379	-6.5
0.333333	380	-7.5
0.333333	381	-9.5
0.333333	382	-6.5
0.333333	383	-8
0.333333	384	-12.5
0.333333	385	-9.5
0.333333	386	-13
0.333333	387	-8.5
0.333333	388	-8.5
0.333333	389	-7
0.333333	390	-13
0.333333	391	-21.5
0.333333	392	-17.5
0.333333	393	-11.5
0.333333	394	-16
0.333333	395	-12
0.333333	396	-13.5
0.333333	397	-3.5
0.333333	398	-10
0.333333	399	-7
0.333333	400	-1.5
0.333333	401	-7.5
0.333333	402	-5.5
0.333333	403	-7
0.333333	404	-13.5
0.333333	405	-10.5
0.333333	406	-11
0.333333	407	-11
0.333333	408	-12
0.333333	409	-12
0.333333	410	-6.5
0.333333	411	-7.5
0.333333	412	-7.5
0.333333	413	-4.5
0.333333	414	-9
0.333333	415	-11.5
0.333333	416	-13
0.333333	417	-12.5
0.333333	418	-17.5
0.333333	419	-17.5
0.333333	420	-5.5
0.333333	421	-15.5
0.333333	422	-8.5
0.333333	423	-7.5
0.333333	424	-11
0.333333	425	-8
0.333333	426	-4
0.333333	427	-2
0.333333	428	-10.5
0.333333	429	-10
0.333333	430	-4
0.333333	431	-7.5
0.333333	432	-5.5
0.333333	433	-11.5
0.333333	434	-10.5
0.333333	435	-16
0.333333	436	-6
0.333333	437	-11
0.333333	438	-10
0.333333	439	-14
0.333333	440	-10
0.333333	441	-10
0.333333	442	-5.5
0.333333	443	-13.5
0.333333	444	-10.5
0.333333	445	-9
0.333333	446	-11.5
0.333333	447	-9.5
0.333333	448	-10.5
0.333333	449	-7.5
0.333333	450	-15
0.333333	451	-17.5
0.333333	452	-13
0.333333	453	-11
0.333333	454	-9.5
0.333333	455	-9.5
0.333333	456	-8
0.333333	457	-12
0.333333	458	-8.5
0.333333	459	-11
0.333333	460	-11
0.333333	461	-4.5
0.333333	462	-5
0.333333	463	-17
0.333333	464	-13
0.333333	465	-12
0.333333	466	-15.5
0.333333	467	-11
0.333333	468	-15.5
0.333333	469	-21
0.333333	470	-15.5
0.333333	471	-11.5
0.333333	472	-13
0.333333	473	-10
0.333333	474	-7.5
0.333333	475	-9.5
0.333333	476	-8
0.333333	477	-8
0.333333	478	-6
0.333333	479	-10.5
0.333333	480	-7.5
0.333333	481	-11.5
0.333333	482	-11.5
0.333333	483	-7
0.333333	484	-10
0.333333	485	-4.5
0.333333	486	-6.5
0.333333	487	-15.5
0.333333	488	-5
0.333333	489	-10.5
0.333333	490	-11
0.333333	491	-7
0.333333	492	-10
0.333333	493	-13
0.333333	494	-11.5
0.333333	495	-11.5
0.333333	496	-8.5
0.333333	497	-7.5
0.333333	498	-4
0.333333	499	-7.5


0.285714	0	-11.5
0.285714	1	2
0.285714	2	-4.5
0.285714	3	-8
0.285714	4	-11.5
0.285714	5	-16
0.285714	6	-17
0.285714	7	-2.5
0.285714	8	-3
0.285714	9	-4.5
0.285714	10	-4.5
0.285714	11	-6.5
0.285714	12	-6.5
0.285714	13	-6
0.285714	14	-3
0.285714	15	-6
0.285714	16	-14
0.285714	17	-5
0.285714	18	-11
0.285714	19	-8.5
0.285714	20	-7.5
0.285714	21	-11.5
0.285714	22	-5.5
0.285714	23	-5
0.285714	24	-15
0.285714	25	-7
0.285714	26	-7.5
0.285714	27	-10.5
0.285714	28	-17.5
0.285714	29	-6
0.285714	30	-7
0.285714	31	-7
0.285714	32	-3.5
0.285714	33	-12.5
0.285714	34	-12
0.285714	35	-13
0.285714	36	-9.5
0.285714	37	-8
0.285714	38	-6
0.285714	39	-9.5
0.285714	40	-6.5
0.285714	41	-12
0.285714	42	-10
0.285714	43	-5.5
0.285714	44	-3
0.285714	45	-5
0.285714	46	-7.5
0.285714	47	-4.5
0.285714	48	-6.5
0.285714	49	-7.5
0.285714	50	-6
0.285714	51	-3
0.285714	52	-6
0.285714	53	-12
0.285714	54	-10.5
0.285714	55	-7
0.285714	56	-8
0.285714	57	-9.5
0.285714	58	-9
0.285714	59	-10
0.285714	60	-4.5
0.285714	61	-6
0.285714	62	-7
0.285714	63	-5
0.285714	64	-3
0.285714	65	-12.5
0.285714	66	-6
0.285714	67	-10.5
0.285714	68	-11
0.285714	69	-8
0.285714	70	-6.5
0.285714	71	-7
0.285714	72	-7
0.285714	73	-4
0.285714	74	-9.5
0.285714	75	-7
0.285714	76	-6.5
0.285714	77	-9
0.285714	78	-6.5
0.285714	79	-3
0.285714	80	-8
0.285714	81	-11
0.285714	82	-8.5
0.285714	83	-15.5
0.285714	84	-9.5
0.285714	85	-4
0.285714	86	-9
0.285714	87	-8.5
0.285714	88	-14.5
0.285714	89	-17
0.285714	90	-15.5
0.285714	91	-13.5
0.285714	92	-9.5
0.285714	93	-7.5
0.285714	94	-7
0.285714	95	-5
0.285714	96	-8.5
0.285714	97	-5.5
0.285714	98	-8
0.285714	99	-6.5
0.285714	100	-10.5
0.285714	101	-2
0.285714	102	-7
0.285714	103	-3
0.285714	104	-9.5
0.285714	105	-3.5
0.285714	106	0
0.285714	107	-12
0.285714	108	-12.5
0.285714	109	-5.5
0.285714	110	-9
0.285714	111	-7
0.285714	112	-6.5
0.285714	113	-8.5
0.285714	114	-6.5
0.285714	115	-5.5
0.285714	116	-5.5
0.285714	117	-5.5
0.285714	118	-7
0.285714	119	-12.5
0.285714	120	-9.5
0.285714	121	-6.5
0.285714	122	-13.5
0.285714	123	-13.5
0.285714	124	-10
0.285714	125	-7
0.285714	126	-7
0.285714	127	-8
0.285714	128	-10.5
0.285714	129	-5
0.285714	130	-8.5
0.285714	131	-8.5
0.285714	132	-11.5
0.285714	133	-9
0.285714	134	-5
0.285714	135	-8.5
0.285714	136	-12.5
0.285714	137	-9
0.285714	138	-6
0.285714	139	-9
0.285714	140	-10.5
0.285714	141	-5.5
0.285714	142	-4
0.285714	143	-8
0.285714	144	-8.5
0.285714	145	-2
0.285714	146	-4.5
0.285714	147	-5
0.285714	148	-11.5
0.285714	149	-6.5
0.285714	150	-9.5
0.285714	151	-5.5
0.285714	152	-8.5
0.285714	153	-0.5
0.285714	154	-11
0.285714	155	-8.5
0.285714	156	-4
0.285714	157	-9.5
0.285714	158	-11
0.285714	159	-5.5
0.285714	160	-7
0.285714	161	-8
0.285714	162	-4
0.285714	163	-6.5
0.285714	164	-14.5
0.285714	165	-7
0.285714	166	-5.5
0.285714	167	-8.5
0.285714	168	-7
0.285714	169	-20.5
0.285714	170	-12.5
0.285714	171	-15
0.285714	172	-14
0.285714	173	-7
0.285714	174	-7.5
0.285714	175	-11.5
0.285714	176	-8
0.285714	177	-9
0.285714	178	-10
0.285714	179	-14
0.285714	180	-11.5
0.285714	181	-5
0.285714	182	-7
0.285714	183	-11
0.285714	184	-12
0.285714	185	-18
0.285714	186	-14.5
0.285714	187	-8.5
0.285714	188	-5
0.285714	189	-14
0.285714	190	-9
0.285714	191	-4.5
0.285714	192	-10
0.285714	193	-15
0.285714	194	-16
0.285714	195	-10
0.285714	196	-11.5
0.285714	197	-3.5
0.285714	198	-7
0.285714	199	-10
0.285714	200	-7
0.285714	201	-8
0.285714	202	-10.5
0.285714	203	-11.5
0.285714	204	-6.5
0.285714	205	-9.5
0.285714	206	-15
0.285714	207	-13
0.285714	208	-9
0.285714	209	-19
0.285714	210	-12.5
0.285714	211	-11
0.285714	212	-4.5
0.285714	213	-10
0.285714	214	-10
0.285714	215	-4.5
0.285714	216	-9
0.285714	217	-13
0.285714	218	-12.5
0.285714	219	-9.5
0.285714	220	-6.5
0.285714	221	-7.5
0.285714	222	-13
0.285714	223	-10.5
0.285714	224	-13
0.285714	225	-10.5
0.285714	226	-6.5
0.285714	227	0
0.285714	228	-6
0.285714	229	-2
0.285714	230	-6.5
0.285714	231	-10.5
0.285714	232	-3
0.285714	233	-0.5
0.285714	234	-4.5
0.285714	235	-6.5
0.285714	236	-7.5
0.285714	237	-7
0.285714	238	-4
0.285714	239	-3.5
0.285714	240	-9
0.285714	241	-6.5
0.285714	242	-7
0.285714	243	-17.5
0.285714	244	-7
0.285714	245	-7.5
0.285714	246	-11.5
0.285714	247	-3
0.285714	248	-5.5
0.285714	249	-4
0.285714	250	-6.5
0.285714	251	-12.5
0.285714	252	-9.5
0.285714	253	-6
0.285714	254	-10
0.285714	255	-10
0.285714	256	-14.5
0.285714	257	-4.5
0.285714	258	-7
0.285714	259	-12.5
0.285714	260	-9.5
0.285714	261	-8.5
0.285714	262	-9
0.285714	263	-14
0.285714	264	-9
0.285714	265	-9
0.285714	266	-7.5
0.285714	267	-8
0.285714	268	-12.5
0.285714	269	-13.5
0.285714	270	-5
0.285714	271	-7
0.285714	272	-9.5
0.285714	273	-6.5
0.285714	274	-11.5
0.285714	275	-4.5
0.285714	276	-7.5
0.285714	277	-7
0.285714	278	-8.5
0.285714	279	-10
0.285714	280	-9
0.285714	281	-9.5
0.285714	282	-9
0.285714	283	-9
0.285714	284	-10.5
0.285714	285	-11
0.285714	286	-11
0.285714	287	-5.5
0.285714	288	-13.5
0.285714	289	-18
0.285714	290	-14
0.285714	291	-9
0.285714	292	-11
0.285714	293	-6
0.285714	294	-11.5
0.285714	295	-8.5
0.285714	296	-12.5
0.285714	297	-10.5
0.285714	298	-17
0.285714	299	-13.5
0.285714	300	-6.5
0.285714	301	-4.5
0.285714	302	-7.5
0.285714	303	-12
0.285714	304	-12
0.285714	305	-13.5
0.285714	306	-5.5
0.285714	307	-9
0.285714	308	-9
0.285714	309	-12.5
0.285714	310	-7
0.285714	311	-7.5
0.285714	312	-6
0.285714	313	-6
0.285714	314	-10.5
0.285714	315	-4.5
0.285714	316	-7
0.285714	317	-8.5
0.285714	318	-10.5
0.285714	319	-8.5
0.285714	320	-9
0.285714	321	-6.5
0.285714	322	-10
0.285714	323	-7.5
0.285714	324	-7
0.285714	325	-12
0.285714	326	-10.5
0.285714	327	-6.5
0.285714	328	-4.5
0.285714	329	-2.5
0.285714	330	-7.5
0.285714	331	-11
0.285714	332	-1
0.285714	333	-2
0.285714	334	-10
0.285714	335	-5.5
0.285714	336	-11
0.285714	337	-13.5
0.285714	338	-12.5
0.285714	339	-5
0.285714	340	-10.5
0.285714	341	-4.5
0.285714	342	-6
0.285714	343	-9
0.285714	344	-7.5
0.285714	345	-25
0.285714	346	-14
0.285714	347	-11.5
0.285714	348	-1
0.285714	349	-5.5
0.285714	350	-5
0.285714	351	-9
0.285714	352	-13
0.285714	353	-13.5
0.285714	354	-14
0.285714	355	-8.5
0.285714	356	-17
0.285714	357	-17.5
0.285714	358	-18
0.285714	359	-14
0.285714	360	-17.5
0.285714	361	-25
0.285714	362	-12.5
0.285714	363	-14
0.285714	364	-14
0.285714	365	-5
0.285714	366	-9
0.285714	367	-12.5
0.285714	368	-5
0.285714	369	-4
0.285714	370	-6.5
0.285714	371	-6
0.285714	372	-8.5
0.285714	373	-7.5
0.285714	374	-7
0.285714	375	-10
0.285714	376	-18
0.285714	377	-9.5
0.285714	378	-8.5
0.285714	379	-21.5
0.285714	380	-5.5
0.285714	381	-12
0.285714	382	-4.5
0.285714	383	-7.5
0.285714	384	-8
0.285714	385	-6.5
0.285714	386	-3
0.285714	387	-4.5
0.285714	388	-11
0.285714	389	-7.5
0.285714	390	-3
0.285714	391	-7.5
0.285714	392	-12.5
0.285714	393	-1.5
0.285714	394	-11.5
0.285714	395	-13
0.285714	396	-13
0.285714	397	-6.5
0.285714	398	-9.5
0.285714	399	-9
0.285714	400	-6
0.285714	401	-8.5
0.285714	402	-5
0.285714	403	-5
0.285714	404	-3
0.285714	405	-11.5
0.285714	406	-9
0.285714	407	-8.5
0.285714	408	-6.5
0.285714	409	-3
0.285714	410	-8
0.285714	411	-7.5
0.285714	412	-5.5
0.285714	413	-10.5
0.285714	414	-3.5
0.285714	415	-8.5
0.285714	416	-2
0.285714	417	-9
0.285714	418	-7.5
0.285714	419	-9
0.285714	420	-6.5
0.285714	421	-7.5
0.285714	422	-11.5
0.285714	423	-10.5
0.285714	424	-8.5
0.285714	425	-11
0.285714	426	-10
0.285714	427	-13.5
0.285714	428	-12
0.285714	429	-16
0.285714	430	-10
0.285714	431	-6.5
0.285714	432	-7
0.285714	433	-12.5
0.285714	434	-13
0.285714	435	-10
0.285714	436	-14
0.285714	437	-11
0.285714	438	-14.5
0.285714	439	-4.5
0.285714	440	-7.5
0.285714	441	-9.5
0.285714	442	-8
0.285714	443	-14
0.285714	444	-10
0.285714	445	-8
0.285714	446	-8
0.285714	447	-5.5
0.285714	448	-7
0.285714	449	-4
0.285714	450	-10.5
0.285714	451	-13
0.285714	452	-15
0.285714	453	-21.5
0.285714	454	-17
0.285714	455	-7.5
0.285714	456	-18
0.285714	457	-12
0.285714	458	-5.5
0.285714	459	-4.5
0.285714	460	0.5
0.285714	461	-2
0.285714	462	-9.5
0.285714	463	-4.5
0.285714	464	-4.5
0.285714	465	-6.5
0.285714	466	-4
0.285714	467	-5
0.285714	468	-10.5
0.285714	469	-7
0.285714	470	-9.5
0.285714	471	-8
0.285714	472	-11.5
0.285714	473	-15.5
0.285714	474	-12.5
0.285714	475	-8.5
0.285714	476	-12
0.285714	477	-10.5
0.285714	478	-10
0.285714	479	-15.5
0.285714	480	-10
0.285714	481	-6.5
0.285714	482	-7
0.285714	483	-2
0.285714	484	-4
0.285714	485	-5.5
0.285714	486	-11
0.285714	487	-7.5
0.285714	488	-7
0.285714	489	-7.5
0.285714	490	-6
0.285714	491	-2
0.285714	492	-6
0.285714	493	-15.5
0.285714	494	-9
0.285714	495	-8.5
0.285714	496	-13.5
0.285714	497	-10.5
0.285714	498	-10.5
0.285714	499	-7


0.25	0	-9
0.25	1	-5
0.25	2	-11.5
0.25	3	-11
0.25	4	-8
0.25	5	-10
0.25	6	-6
0.25	7	-7.5
0.25	8	-10
0.25	9	-9
0.25	10	-3
0.25	11	-4
0.25	12	0.5
0.25	13	-8
0.25	14	-7.5
0.25	15	-9
0.25	16	-15
0.25	17	-22
0.25	18	-13
0.25	19	-12
0.25	20	-6
0.25	21	-12
0.25	22	-4
0.25	23	-9
0.25	24	-10.5
0.25	25	-4.5
0.25	26	-11
0.25	27	-7
0.25	28	-7.5
0.25	29	-1.5
0.25	30	-14.5
0.25	31	-9
0.25	32	-2.5
0.25	33	-5
0.25	34	-6.5
0.25	35	-6.5
0.25	36	-4
0.25	37	-12.5
0.25	38	-17
0.25	39	-8.5
0.25	40	-15
0.25	41	-21
0.25	42	-18.5
0.25	43	-12.5
0.25	44	-10.5
0.25	45	-8.5
0.25	46	-5
0.25	47	-5.5
0.25	48	-15.5
0.25	49	-13.5
0.25	50	-10.5
0.25	51	-10
0.25	52	-8
0.25	53	-5.5
0.25	54	-9
0.25	55	-12
0.25	56	-10
0.25	57	-6
0.25	58	-4.5
0.25	59	-7
0.25	60	-7
0.25	61	-8
0.25	62	-3
0.25	63	-10.5
0.25	64	-9.5
0.25	65	-10
0.25	66	-4.5
0.25	67	-11.5
0.25	68	-6
0.25	69	-10.5
0.25	70	-11.5
0.25	71	-5
0.25	72	-9
0.25	73	-13.5
0.25	74	-13
0.25	75	-11
0.25	76	-5.5
0.25	77	-3.5
0.25	78	-3.5
0.25	79	-14
0.25	80	-6.5
0.25	81	2
0.25	82	-2.5
0.25	83	-8
0.25	84	-7
0.25	85	-9
0.25	86	-8
0.25	87	-10
0.25	88	-11
0.25	89	-14
0.25	90	-10
0.25	91	-20
0.25	92	-6.5
0.25	93	-5.5
0.25	94	-6.5
0.25	95	-17
0.25	96	-13
0.25	97	-18
0.25	98	-2.5
0.25	99	-7
0.25	100	-15
0.25	101	-11.5
0.25	102	-2.5
0.25	103	-7
0.25	104	-9.5
0.25	105	-5
0.25	106	-6.5
0.25	107	-7
0.25	108	-10
0.25	109	-12
0.25	110	-9
0.25	111	-11.5
0.25	112	-17
0.25	113	-6.5
0.25	114	-13
0.25	115	-9
0.25	116	4
0.25	117	-7
0.25	118	-5.5
0.25	119	-5.5
0.25	120	-5.5
0.25	121	-5
0.25	122	-7
0.25	123	-4.5
0.25	124	-4.5
0.25	125	-8
0.25	126	-11.5
0.25	127	-11.5
0.25	128	-8
0.25	129	-9
0.25	130	-9
0.25	131	-5.5
0.25	132	-3
0.25	133	-10.5
0.25	134	-7
0.25	135	-12
0.25	136	-6
0.25	137	-5.5
0.25	138	-4
0.25	139	-9.5
0.25	140	-8
0.25	141	-8.5
0.25	142	-13
0.25	143	0
0.25	144	-1
0.25	145	-2
0.25	146	-8.5
0.25	147	-6.5
0.25	148	-7
0.25	149	-12.5
0.25	150	-11
0.25	151	-7
0.25	152	-11
0.25	153	-10.5
0.25	154	-7.5
0.25	155	-8.5
0.25	156	-6
0.25	157	-9.5
0.25	158	-3.5
0.25	159	-4.5
0.25	160	-8
0.25	161	-6.5
0.25	162	-13.5
0.25	163	-4.5
0.25	164	-3.5
0.25	165	-2.5
0.25	166	-4
0.25	167	-11.5
0.25	168	-9.5
0.25	169	-13
0.25	170	1
0.25	171	-10.5
0.25	172	-8.5
0.25	173	-9.5
0.25	174	-10.5
0.25	175	-10.5
0.25	176	-3.5
0.25	177	-7
0.25	178	-8
0.25	179	-14.5
0.25	180	-12.5
0.25	181	-14.5
0.25	182	-14.5
0.25	183	-12.5
0.25	184	-9
0.25	185	-9.5
0.25	186	-7
0.25	187	-4
0.25	188	-3
0.25	189	-13.5
0.25	190	-11.5
0.25	191	-10
0.25	192	-5.5
0.25	193	-7
0.25	194	-11.5
0.25	195	-4
0.25	196	-10
0.25	197	-9
0.25	198	-6
0.25	199	-11
0.25	200	-14.5
0.25	201	-7.5
0.25	202	-1
0.25	203	-13
0.25	204	-12
0.25	205	-11.5
0.25	206	-6
0.25	207	-8
0.25	208	-6
0.25	209	-8.5
0.25	210	-16
0.25	211	-12.5
0.25	212	-8.5
0.25	213	-12
0.25	214	-5.5
0.25	215	-9.5
0.25	216	-3.5
0.25	217	-7
0.25	218	-11
0.25	219	-17.5
0.25	220	-11.5
0.25	221	-8.5
0.25	222	-8.5
0.25	223	-13.5
0.25	224	-12
0.25	225	-4
0.25	226	-8
0.25	227	-8.5
0.25	228	-12.5
0.25	229	-18
0.25	230	-7.5
0.25	231	-11
0.25	232	-11.5
0.25	233	-10.5
0.25	234	-9.5
0.25	235	-7
0.25	236	-16.5
0.25	237	-7.5
0.25	238	-7
0.25	239	-6
0.25	240	-3
0.25	241	-6.5
0.25	242	-11
0.25	243	-7.5
0.25	244	-7
0.25	245	-12.5
0.25	246	-10
0.25	247	-5.5
0.25	248	-12
0.25	249	-5.5
0.25	250	-7
0.25	251	-10.5
0.25	252	-13
0.25	253	-11.5
0.25	254	-2.5
0.25	255	-8.5
0.25	256	-8.5
0.25	257	-10
0.25	258	-4.5
0.25	259	-7
0.25	260	-4
0.25	261	-2
0.25	262	-9.5
0.25	263	-9.5
0.25	264	-8.5
0.25	265	-7
0.25	266	-8
0.25	267	-8.5
0.25	268	-11
0.25	269	-10.5
0.25	270	-9
0.25	271	-13
0.25	272	-3
0.25	273	-5.5
0.25	274	-6.5
0.25	275	-2
0.25	276	-9.5
0.25	277	-7
0.25	278	-12
0.25	279	-5.5
0.25	280	-8.5
0.25	281	-9
0.25	282	-6.5
0.25	283	-7
0.25	284	-7
0.25	285	0.5
0.25	286	-3
0.25	287	-7.5
0.25	288	-8.5
0.25	289	-6
0.25	290	-5.5
0.25	291	-8.5
0.25	292	-14.5
0.25	293	-10.5
0.25	294	-13
0.25	295	-13.5
0.25	296	-9.5
0.25	297	-12.5
0.25	298	-12.5
0.25	299	-11.5
0.25	300	-15.5
0.25	301	-14
0.25	302	-18.5
0.25	303	-17
0.25	304	-11.5
0.25	305	-10
0.25	306	-6.5
0.25	307	-8.5
0.25	308	-9
0.25	309	-5.5
0.25	310	-10
0.25	311	-6
0.25	312	-16
0.25	313	-16
0.25	314	-8
0.25	315	-4
0.25	316	-7
0.25	317	-7
0.25	318	-6
0.25	319	-6
0.25	320	-1.5
0.25	321	-3
0.25	322	-7.5
0.25	323	-4
0.25	324	-7.5
0.25	325	-11
0.25	326	-19.5
0.25	327	-9
0.25	328	-5.5
0.25	329	-4.5
0.25	330	-21.5
0.25	331	-14
0.25	332	-11
0.25	333	-18
0.25	334	-7
0.25	335	-17
0.25	336	-12.5
0.25	337	-18.5
0.25	338	-13
0.25	339	-12
0.25	340	-8.5
0.25	341	-5.5
0.25	342	-4.5
0.25	343	-6
0.25	344	-10
0.25	345	-12
0.25	346	-9.5
0.25	347	-8.5
0.25	348	-6
0.25	349	-13
0.25	350	-7
0.25	351	-9.5
0.25	352	-6
0.25	353	-9
0.25	354	-9.5
0.25	355	-18
0.25	356	-6
0.25	357	-4
0.25	358	-10
0.25	359	-22
0.25	360	-16
0.25	361	-16
0.25	362	-7.5
0.25	363	-2
0.25	364	-6
0.25	365	-5
0.25	366	-8.5
0.25	367	-3
0.25	368	-3.5
0.25	369	-4.5
0.25	370	-1
0.25	371	-10.5
0.25	372	-17
0.25	373	-15.5
0.25	374	-13
0.25	375	-9
0.25	376	-5.5
0.25	377	-6.5
0.25	378	-5.5
0.25	379	-11.5
0.25	380	-12
0.25	381	-5.5
0.25	382	-4
0.25	383	-11.5
0.25	384	-10
0.25	385	-12
0.25	386	-11.5
0.25	387	-18
0.25	388	-7.5
0.25	389	-6.5
0.25	390	-10
0.25	391	-4
0.25	392	-10.5
0.25	393	-7.5
0.25	394	-8
0.25	395	-9
0.25	396	-4.5
0.25	397	-12.5
0.25	398	-11.5
0.25	399	-9
0.25	400	-4.5
0.25	401	-6
0.25	402	-7
0.25	403	-7
0.25	404	-5.5
0.25	405	-11.5
0.25	406	-9
0.25	407	-11
0.25	408	-10
0.25	409	-11.5
0.25	410	-1
0.25	411	-8.5
0.25	412	-2.5
0.25	413	-12
0.25	414	-9
0.25	415	-11.5
0.25	416	-7
0.25	417	-6.5
0.25	418	-9
0.25	419	-8.5
0.25	420	-7.5
0.25	421	-12
0.25	422	-16.5
0.25	423	-8
0.25	424	-11.5
0.25	425	-4.5
0.25	426	-8
0.25	427	-10
0.25	428	-7.5
0.25	429	-9
0.25	430	-3.5
0.25	431	-9
0.25	432	-12.5
0.25	433	-9
0.25	434	-3.5
0.25	435	-8.5
0.25	436	-7
0.25	437	-10
0.25	438	-4.5
0.25	439	-6.5
0.25	440	0
0.25	441	-8.5
0.25	442	-6.5
0.25	443	-3.5
0.25	444	-3.5
0.25	445	-4.5
0.25	446	-3
0.25	447	-11
0.25	448	-10
0.25	449	-7
0.25	450	-5
0.25	451	-13
0.25	452	-18
0.25	453	-18
0.25	454	-21.5
0.25	455	-13.5
0.25	456	-7.5
0.25	457	-8.5
0.25	458	-3.5
0.25	459	-13
0.25	460	-16
0.25	461	-7.5
0.25	462	-12
0.25	463	-1.5
0.25	464	-10
0.25	465	-14.5
0.25	466	-9.5
0.25	467	-5
0.25	468	-6.5
0.25	469	-10.5
0.25	470	-7.5
0.25	471	-2.5
0.25	472	-10
0.25	473	-1.5
0.25	474	-1.5
0.25	475	-7
0.25	476	-11.5
0.25	477	-15
0.25	478	-14.5
0.25	479	-1.5
0.25	480	-7
0.25	481	-7
0.25	482	-11.5
0.25	483	-9
0.25	484	-7.5
0.25	485	-5
0.25	486	-4.5
0.25	487	-4
0.25	488	-7
0.25	489	-9
0.25	490	-14.5
0.25	491	-5
0.25	492	-17.5
0.25	493	-15.5
0.25	494	-16.5
0.25	495	-11
0.25	496	-5
0.25	497	-5
0.25	498	-2
0.25	499	-7


